$VNRRG,00,*64D0
$VNRRG,05,115200,1*497D
$VNRRG,05,115200,2*791E
$VNRRG,06,1,1*0865
$VNRRG,06,22,2*4488
$VNRRG,07,2,1*FB64
$VNRRG,07,40,2*48D1
$VNRRG,21,0.234,0,0.4212,0,0,-9.79375*1F2E
$VNRRG,23,1,0,0,0,1,0,0,0,1,0,0,0*A926
$VNRRG,25,1,0,0,0,1,0,0,0,1,0,0,0*24BF
$VNRRG,26,1,0,0,0,1,0,0,0,1*36E4
$VNRRG,30,0,0,0,0,1,0,1*3FF9
$VNRRG,32,3,0,0,0,6,1,0,100000000,0*D921
$VNRRG,35,1,1,1,1*86C3
$VNRRG,36,4,4,4,5,5,5,5.5,5.5,5.5*9418
$VNRRG,38,6,6,6,3,3,3,5,5,5*B2FB
$VNRRG,44,0,1,5*5508
$VNRRG,50,0,0,0*B488
$VNRRG,51,1,0.1,0.01*A7E6
$VNRRG,55,0,0,5,0,1*DBA2
$VNRRG,57,0.46,0.11,-0.584*947A
$VNRRG,67,3,1,1,0*F216
$VNRRG,74,+00.000000,+00.000000,+00.000000,+00.000,+00.000,+00.000,+00000.000*0CC5
$VNRRG,75,3,400,01,0121*5551
$VNRRG,76,0,0,00*1FA0
$VNRRG,77,0,0,00*5873
$VNRRG,82,0,0,0,0,0*D460
$VNRRG,83,1,1,0,0,1000,0.000,+00.00000000,+000.00000000,+00000.000*9342
$VNRRG,84,1,0,0,0,1,0,0,0,1,0,0,0*1A45
$VNRRG,85,0,2,2,2,0,0,3,3,3,0*34D4
$VNRRG,93,-00.970,+00.000,+00.000,00.0250,00.0250,00.0250*6AE3
$VNRRG,99,0013,10,5,16,03,FFFF,FFFF,FFFF*884D
$VNRRG,100,2,1,0,0,1000000,100000,0*C7FF
$VNRRG,101,0,0,0,0,00000000*0B25
$VNRRG,102,0,0,0,0,00000000*0B57
$VNRRG,116,5,0.05,20,0.05,0.08,0,0*6E57
